"ID" "Description" "GeneRatio" "BgRatio" "pvalue" "p.adjust" "qvalue" "geneID" "Count"
"GO:0005657" "GO:0005657" "replication fork" "18/962" "71/19559" 6.3631339300305e-09 3.78606468836815e-06 3.3825080364899e-06 "RFC3/RAD51C/POLD1/MCM3/CDC45/PRIM1/TIMELESS/GINS2/TONSL/POLA2/XRCC3/XRCC2/RFC5/RFC2/RPA2/RFC4/DMAP1/RPA3" 18
"GO:0042555" "GO:0042555" "MCM complex" "6/962" "12/19559" 9.97433343076643e-06 0.00197824279710201 0.00176738188860949 "MCM8/MCM3/MCM7/TONSL/MCM4/MCM2" 6
"GO:0043596" "GO:0043596" "nuclear replication fork" "10/962" "41/19559" 2.19958585364694e-05 0.00327188395729982 0.00292313383182027 "POLD1/MCM3/CDC45/PRIM1/TIMELESS/GINS2/TONSL/POLA2/RPA2/RPA3" 10
"GO:0042575" "GO:0042575" "DNA polymerase complex" "7/962" "22/19559" 6.0598096965963e-05 0.0072111735389496 0.00644253451953923 "POLD1/POLE/MCM3/PRIM1/POLE2/POLA2/POLE3" 7
